4:(Intercept),4:age_dx,4:sexM,4:smokingY,4:c_chf,4:c_ihd,4:c_cancer,4:c_dm,4:c_asthma,4:c_dementia,4:c_depression,4:c_anxiety,4:c_htn,4:rio_cat2.10-44,4:rio_cat3.45+,4:deprivationQ2,4:deprivationQ3,4:deprivationQ4,4:deprivationQ5,4:ned_c,4:nhosp_c,4:ned_o,4:nhosp_o,5:(Intercept),5:age_dx,5:sexM,5:smokingY,5:c_chf,5:c_ihd,5:c_cancer,5:c_dm,5:c_asthma,5:c_dementia,5:c_depression,5:c_anxiety,5:c_htn,5:rio_cat2.10-44,5:rio_cat3.45+,5:deprivationQ2,5:deprivationQ3,5:deprivationQ4,5:deprivationQ5,5:ned_c,5:nhosp_c,5:ned_o,5:nhosp_o,7:(Intercept),7:age_dx,7:sexM,7:smokingY,7:c_chf,7:c_ihd,7:c_cancer,7:c_dm,7:c_asthma,7:c_dementia,7:c_depression,7:c_anxiety,7:c_htn,7:rio_cat2.10-44,7:rio_cat3.45+,7:deprivationQ2,7:deprivationQ3,7:deprivationQ4,7:deprivationQ5,7:ned_c,7:nhosp_c,7:ned_o,7:nhosp_o
0.0206950,-0.0001917,-0.0006005,-0.0031020,0.0003586,0.0002358,0.0002395,-0.0003639,-0.0011471,0.0002983,-0.0013184,-0.0009818,0.0002384,-0.0006045,-0.0005630,-0.0028440,-0.0029729,-0.0030307,-0.0032424,-0.0000182,0.0001586,-0.0000376,0.0000397,0.0011626,-0.0000107,-0.0000440,-0.0002007,0.0000183,0.0000197,0.0000171,-0.0000151,-0.0000945,0.0000025,-0.0000684,-0.0000722,0.0000345,-0.0000472,-0.0000234,-0.0002148,-0.0002150,-0.0002218,-0.0002391,0.0000031,0.0000073,-0.0000006,0.0000013,0.0016099,-0.0000154,-0.0000684,-0.0002595,0.0000243,0.0000122,0.0000239,-0.0000038,-0.0001124,0.0000579,-0.0000644,-0.0000717,0.0000422,-0.0000611,-0.0000565,-0.0002592,-0.0002663,-0.0002674,-0.0003150,0.0000030,0.0000352,-0.0000017,0.0000016
-0.0001917,0.0000025,0.0000024,0.0000133,-0.0000088,-0.0000044,-0.0000074,0.0000045,0.0000078,-0.0000081,0.0000159,0.0000084,-0.0000165,0.0000010,0.0000037,0.0000023,0.0000040,0.0000048,0.0000077,0.0000001,-0.0000017,0.0000000,-0.0000005,-0.0000108,0.0000002,0.0000002,0.0000011,-0.0000005,-0.0000004,-0.0000005,0.0000002,0.0000007,-0.0000002,0.0000010,0.0000006,-0.0000012,0.0000000,0.0000000,0.0000001,0.0000002,0.0000002,0.0000004,-0.0000001,-0.0000001,0.0000000,0.0000000,-0.0000152,0.0000002,0.0000003,0.0000015,-0.0000007,-0.0000003,-0.0000007,0.0000001,0.0000007,-0.0000012,0.0000011,0.0000005,-0.0000016,0.0000001,0.0000003,0.0000001,0.0000004,0.0000004,0.0000009,0.0000000,-0.0000005,0.0000000,0.0000000
-0.0006005,0.0000024,0.0013272,-0.0003362,-0.0000742,-0.0001368,-0.0001340,-0.0000487,0.0001966,-0.0000129,0.0001149,0.0001427,0.0000602,-0.0000015,-0.0000814,0.0000365,0.0000973,0.0001244,0.0001484,-0.0000028,0.0000090,0.0000032,-0.0000099,-0.0000450,0.0000002,0.0000957,-0.0000201,-0.0000053,-0.0000098,-0.0000059,-0.0000057,0.0000155,-0.0000001,0.0000041,0.0000123,0.0000022,-0.0000022,-0.0000041,0.0000034,0.0000073,0.0000099,0.0000122,0.0000001,0.0000018,-0.0000001,0.0000000,-0.0000955,0.0000006,0.0001210,-0.0000204,-0.0000007,-0.0000096,-0.0000079,-0.0000058,0.0000188,-0.0000035,0.0000077,0.0000124,0.0000033,-0.0000042,-0.0000102,0.0000042,0.0000089,0.0000133,0.0000191,-0.0000029,0.0000048,0.0000000,-0.0000004
-0.0031020,0.0000133,-0.0003362,0.0025578,0.0001680,-0.0000127,0.0000234,-0.0000164,0.0001038,0.0001268,-0.0000145,0.0000156,0.0000303,-0.0000071,-0.0000107,0.0001062,0.0000252,0.0000333,0.0000171,0.0000186,-0.0000633,0.0000008,0.0000075,-0.0001918,0.0000010,-0.0000195,0.0001634,0.0000104,-0.0000030,-0.0000026,-0.0000026,0.0000140,0.0000045,-0.0000107,0.0000026,0.0000045,-0.0000008,-0.0000013,0.0000039,-0.0000019,-0.0000008,-0.0000023,-0.0000004,-0.0000047,-0.0000001,0.0000001,-0.0002461,0.0000014,-0.0000242,0.0001975,0.0000163,-0.0000038,-0.0000018,-0.0000074,0.0000187,0.0000066,-0.0000363,-0.0000014,0.0000027,-0.0000026,0.0000016,0.0000014,-0.0000006,0.0000014,0.0000020,0.0000001,-0.0000088,-0.0000007,0.0000012
0.0003586,-0.0000088,-0.0000742,0.0001680,0.0018471,-0.0004068,0.0000532,-0.0002299,0.0000413,-0.0001605,-0.0000072,-0.0000290,-0.0001386,-0.0000002,0.0000155,0.0000416,-0.0000156,0.0000282,0.0000141,0.0000245,-0.0000708,0.0000036,-0.0000166,0.0000204,-0.0000006,-0.0000049,0.0000130,0.0001976,-0.0000354,0.0000006,-0.0000190,0.0000059,-0.0000161,-0.0000012,-0.0000031,-0.0000095,-0.0000003,0.0000015,0.0000094,0.0000047,0.0000069,0.0000060,0.0000006,-0.0000066,-0.0000001,-0.0000016,0.0000243,-0.0000007,-0.0000059,0.0000185,0.0002381,-0.0000415,0.0000014,-0.0000252,0.0000071,-0.0000041,-0.0000027,-0.0000016,-0.0000111,-0.0000030,0.0000044,0.0000084,0.0000016,0.0000052,0.0000011,0.0000002,-0.0000109,0.0000010,-0.0000028
0.0002358,-0.0000044,-0.0001368,-0.0000127,-0.0004068,0.0015850,0.0000115,-0.0000987,-0.0000058,0.0000782,-0.0000890,-0.0000235,-0.0001853,-0.0000296,0.0000341,-0.0000444,-0.0000606,-0.0000129,-0.0000619,0.0000203,-0.0000305,-0.0000001,-0.0000229,0.0000183,-0.0000004,-0.0000098,-0.0000022,-0.0000348,0.0001350,0.0000021,-0.0000075,-0.0000003,0.0000037,-0.0000045,-0.0000035,-0.0000171,-0.0000019,0.0000006,0.0000027,-0.0000005,0.0000015,0.0000008,0.0000016,-0.0000049,0.0000000,-0.0000008,0.0000101,-0.0000003,-0.0000105,-0.0000027,-0.0000412,0.0001659,0.0000029,-0.0000092,0.0000008,-0.0000007,0.0000084,-0.0000047,-0.0000199,-0.0000057,-0.0000031,0.0000064,-0.0000027,0.0000013,0.0000006,0.0000041,-0.0000093,0.0000003,-0.0000018
0.0002395,-0.0000074,-0.0001340,0.0000234,0.0000532,0.0000115,0.0020642,-0.0000611,0.0000173,0.0000223,-0.0000298,-0.0000621,-0.0000420,0.0000060,0.0000279,-0.0000169,0.0000117,0.0000358,0.0000379,0.0000222,-0.0000157,0.0000007,-0.0000202,0.0000167,-0.0000005,-0.0000058,-0.0000018,0.0000009,0.0000020,0.0001768,-0.0000055,0.0000007,-0.0000045,-0.0000046,-0.0000054,-0.0000025,0.0000020,0.0000011,0.0000009,-0.0000005,0.0000017,0.0000032,0.0000019,-0.0000010,0.0000001,-0.0000015,0.0000293,-0.0000008,-0.0000093,-0.0000014,0.0000004,0.0000026,0.0002152,-0.0000041,0.0000011,-0.0000024,-0.0000047,-0.0000072,-0.0000043,0.0000029,-0.0000002,0.0000031,0.0000009,0.0000020,0.0000022,0.0000032,-0.0000062,0.0000005,-0.0000012
-0.0003639,0.0000045,-0.0000487,-0.0000164,-0.0002299,-0.0000987,-0.0000611,0.0015719,-0.0000157,-0.0000762,-0.0000008,0.0000530,-0.0002749,0.0000128,-0.0000166,-0.0000781,-0.0000699,-0.0000812,-0.0000839,-0.0000043,0.0000028,-0.0000010,-0.0000230,-0.0000191,0.0000002,-0.0000059,-0.0000010,-0.0000175,-0.0000074,-0.0000052,0.0001302,-0.0000035,-0.0000011,-0.0000029,0.0000033,-0.0000213,0.0000002,-0.0000016,-0.0000013,-0.0000002,-0.0000037,-0.0000041,0.0000005,-0.0000011,-0.0000003,-0.0000010,0.0000007,0.0000001,-0.0000071,-0.0000062,-0.0000263,-0.0000095,-0.0000039,0.0001646,-0.0000056,-0.0000027,-0.0000001,0.0000041,-0.0000246,0.0000001,-0.0000058,-0.0000031,-0.0000040,-0.0000093,-0.0000089,-0.0000002,-0.0000055,0.0000004,-0.0000020
-0.0011471,0.0000078,0.0001966,0.0001038,0.0000413,-0.0000058,0.0000173,-0.0000157,0.0019164,0.0000188,0.0000424,-0.0000828,0.0000004,0.0000369,0.0000927,-0.0000277,0.0000570,0.0000238,0.0000172,-0.0000295,0.0000074,-0.0000082,0.0000173,-0.0000875,0.0000006,0.0000155,0.0000122,0.0000043,-0.0000003,0.0000008,-0.0000033,0.0001295,0.0000013,-0.0000015,-0.0000014,-0.0000013,0.0000048,0.0000101,-0.0000018,0.0000028,-0.0000013,-0.0000006,-0.0000032,-0.0000031,-0.0000003,0.0000011,-0.0001074,0.0000007,0.0000184,0.0000180,0.0000068,0.0000001,0.0000017,-0.0000061,0.0001753,0.0000111,-0.0000218,0.0000012,-0.0000023,0.0000111,0.0000231,-0.0000068,0.0000030,0.0000018,-0.0000026,-0.0000100,-0.0000008,0.0000000,0.0000006
0.0002983,-0.0000081,-0.0000129,0.0001268,-0.0001605,0.0000782,0.0000223,-0.0000762,0.0000188,0.0058480,-0.0022710,-0.0004117,-0.0000733,0.0000630,-0.0000240,0.0000248,0.0000160,0.0001188,0.0000840,0.0000133,-0.0000544,0.0000084,0.0000084,0.0000127,-0.0000003,-0.0000018,0.0000058,-0.0000170,0.0000036,-0.0000044,-0.0000023,0.0000038,0.0006336,-0.0002359,-0.0000317,-0.0000043,0.0000019,-0.0000022,0.0000109,0.0000089,0.0000169,0.0000142,0.0000027,-0.0000063,-0.0000003,-0.0000027,0.0000532,-0.0000012,-0.0000070,0.0000110,0.0000067,0.0000012,-0.0000026,0.0000019,0.0000139,0.0008608,-0.0003234,-0.0000256,-0.0000090,0.0000043,0.0000028,0.0000094,0.0000049,0.0000196,0.0000021,-0.0000015,0.0000025,0.0000007,-0.0000038
-0.0013184,0.0000159,0.0001149,-0.0000145,-0.0000072,-0.0000890,-0.0000298,-0.0000008,0.0000424,-0.0022710,0.0067236,-0.0005188,-0.0000333,0.0000062,0.0000374,0.0001245,0.0000362,0.0001265,0.0000619,-0.0000256,0.0000345,-0.0000102,-0.0000138,-0.0000691,0.0000010,0.0000049,-0.0000093,-0.0000004,-0.0000049,-0.0000039,-0.0000037,-0.0000022,-0.0002322,0.0004481,-0.0000350,0.0000000,-0.0000025,0.0000007,0.0000023,-0.0000019,0.0000057,0.0000035,0.0000004,0.0000027,-0.0000005,-0.0000018,-0.0000707,0.0000011,0.0000105,-0.0000228,-0.0000100,0.0000015,-0.0000038,-0.0000034,-0.0000133,-0.0003200,0.0006503,-0.0000456,0.0000041,-0.0000055,-0.0000085,0.0000159,-0.0000008,0.0000026,0.0000039,0.0000037,-0.0000081,0.0000009,-0.0000016
-0.0009818,0.0000084,0.0001427,0.0000156,-0.0000290,-0.0000235,-0.0000621,0.0000530,-0.0000828,-0.0004117,-0.0005188,0.0021233,-0.0000240,0.0000596,0.0000929,-0.0000187,0.0000489,-0.0000183,-0.0000275,-0.0000018,0.0000085,-0.0000120,0.0000117,-0.0000722,0.0000006,0.0000124,0.0000020,-0.0000037,-0.0000034,-0.0000055,0.0000033,-0.0000014,-0.0000326,-0.0000344,0.0001325,-0.0000016,0.0000051,0.0000077,-0.0000001,0.0000019,-0.0000021,-0.0000010,0.0000006,-0.0000006,-0.0000007,0.0000005,-0.0000634,0.0000004,0.0000131,-0.0000026,-0.0000053,-0.0000048,-0.0000076,0.0000034,0.0000001,-0.0000335,-0.0000451,0.0001733,-0.0000022,0.0000102,0.0000155,0.0000001,0.0000027,-0.0000002,-0.0000050,-0.0000023,0.0000020,-0.0000002,0.0000002
0.0002384,-0.0000165,0.0000602,0.0000303,-0.0001386,-0.0001853,-0.0000420,-0.0002749,0.0000004,-0.0000733,-0.0000333,-0.0000240,0.0016500,0.0000192,-0.0000394,-0.0000231,0.0000167,-0.0000342,-0.0000196,0.0000107,0.0000104,0.0000040,-0.0000192,0.0000329,-0.0000012,0.0000022,0.0000043,-0.0000093,-0.0000172,-0.0000023,-0.0000212,-0.0000012,-0.0000035,-0.0000002,-0.0000016,0.0001040,0.0000007,-0.0000030,-0.0000026,-0.0000001,-0.0000029,-0.0000024,0.0000007,0.0000017,0.0000000,-0.0000008,0.0000230,-0.0000014,0.0000034,0.0000054,-0.0000092,-0.0000194,-0.0000038,-0.0000242,-0.0000015,-0.0000079,0.0000083,-0.0000023,0.0001339,0.0000033,-0.0000055,-0.0000003,-0.0000013,-0.0000094,-0.0000004,0.0000013,0.0000021,-0.0000001,-0.0000005
-0.0006045,0.0000010,-0.0000015,-0.0000071,-0.0000002,-0.0000296,0.0000060,0.0000128,0.0000369,0.0000630,0.0000062,0.0000596,0.0000192,0.0014667,0.0006972,-0.0002009,-0.0002403,-0.0002016,-0.0001338,-0.0000200,0.0000304,-0.0000033,0.0000078,-0.0000448,0.0000000,-0.0000020,-0.0000021,-0.0000017,-0.0000021,0.0000018,0.0000003,0.0000044,0.0000004,-0.0000023,0.0000052,0.0000009,0.0001123,0.0000597,-0.0000182,-0.0000192,-0.0000160,-0.0000104,-0.0000027,0.0000014,0.0000000,0.0000004,-0.0000689,0.0000001,-0.0000020,-0.0000015,-0.0000014,-0.0000051,0.0000028,-0.0000002,0.0000109,0.0000063,-0.0000117,0.0000096,0.0000043,0.0001464,0.0000822,-0.0000271,-0.0000259,-0.0000236,-0.0000122,-0.0000045,0.0000049,-0.0000007,0.0000014
-0.0005630,0.0000037,-0.0000814,-0.0000107,0.0000155,0.0000341,0.0000279,-0.0000166,0.0000927,-0.0000240,0.0000374,0.0000929,-0.0000394,0.0006972,0.0026210,-0.0002391,-0.0002880,-0.0004348,-0.0003287,-0.0000440,0.0000537,-0.0000258,0.0000433,-0.0000213,-0.0000001,-0.0000041,-0.0000036,-0.0000007,0.0000010,0.0000007,-0.0000011,0.0000096,-0.0000063,0.0000010,0.0000078,-0.0000028,0.0000598,0.0001502,-0.0000210,-0.0000237,-0.0000346,-0.0000242,-0.0000050,0.0000006,-0.0000009,0.0000027,-0.0000801,0.0000005,-0.0000059,0.0000034,0.0000104,-0.0000027,-0.0000015,-0.0000079,0.0000239,0.0000066,-0.0000223,0.0000148,-0.0000040,0.0000831,0.0002235,-0.0000339,-0.0000323,-0.0000437,-0.0000249,-0.0000114,0.0000163,-0.0000027,0.0000029
-0.0028440,0.0000023,0.0000365,0.0001062,0.0000416,-0.0000444,-0.0000169,-0.0000781,-0.0000277,0.0000248,0.0001245,-0.0000187,-0.0000231,-0.0002009,-0.0002391,0.0046019,0.0027510,0.0027679,0.0027510,0.0000026,-0.0000356,0.0000013,0.0000041,-0.0002097,0.0000000,0.0000034,0.0000039,0.0000090,0.0000025,0.0000007,-0.0000019,-0.0000020,0.0000116,0.0000032,0.0000007,-0.0000027,-0.0000179,-0.0000219,0.0003614,0.0002153,0.0002175,0.0002150,0.0000014,-0.0000016,-0.0000001,0.0000010,-0.0002489,0.0000000,0.0000042,0.0000015,0.0000063,0.0000051,0.0000024,-0.0000040,-0.0000060,0.0000059,0.0000205,0.0000017,-0.0000007,-0.0000258,-0.0000306,0.0004414,0.0002567,0.0002572,0.0002537,0.0000022,-0.0000089,0.0000010,0.0000012
-0.0029729,0.0000040,0.0000973,0.0000252,-0.0000156,-0.0000606,0.0000117,-0.0000699,0.0000570,0.0000160,0.0000362,0.0000489,0.0000167,-0.0002403,-0.0002880,0.0027510,0.0043226,0.0027795,0.0027672,-0.0000123,0.0000008,-0.0000003,0.0000045,-0.0002113,0.0000001,0.0000071,-0.0000021,0.0000050,-0.0000006,-0.0000006,-0.0000003,0.0000025,0.0000106,-0.0000021,0.0000021,-0.0000003,-0.0000190,-0.0000238,0.0002156,0.0003193,0.0002177,0.0002162,0.0000007,-0.0000019,-0.0000003,0.0000006,-0.0002671,0.0000004,0.0000089,0.0000001,0.0000019,-0.0000026,0.0000014,-0.0000039,0.0000021,0.0000061,-0.0000040,0.0000021,-0.0000014,-0.0000266,-0.0000327,0.0002570,0.0003869,0.0002600,0.0002576,-0.0000008,-0.0000032,0.0000001,0.0000007
-0.0030307,0.0000048,0.0001244,0.0000333,0.0000282,-0.0000129,0.0000358,-0.0000812,0.0000238,0.0001188,0.0001265,-0.0000183,-0.0000342,-0.0002016,-0.0004348,0.0027679,0.0027795,0.0040392,0.0027985,0.0000019,-0.0000312,-0.0000029,0.0000168,-0.0002153,0.0000001,0.0000098,-0.0000012,0.0000061,0.0000017,0.0000016,-0.0000038,-0.0000013,0.0000168,0.0000064,-0.0000015,-0.0000032,-0.0000156,-0.0000341,0.0002176,0.0002175,0.0003080,0.0002191,0.0000003,-0.0000023,-0.0000003,0.0000015,-0.0002606,0.0000003,0.0000124,0.0000009,0.0000044,0.0000014,0.0000020,-0.0000095,0.0000017,0.0000187,0.0000010,0.0000010,-0.0000106,-0.0000237,-0.0000438,0.0002581,0.0002598,0.0003766,0.0002582,0.0000014,-0.0000028,-0.0000007,0.0000027
-0.0032424,0.0000077,0.0001484,0.0000171,0.0000141,-0.0000619,0.0000379,-0.0000839,0.0000172,0.0000840,0.0000619,-0.0000275,-0.0000196,-0.0001338,-0.0003287,0.0027510,0.0027672,0.0027985,0.0038233,0.0000082,-0.0000167,-0.0000050,0.0000035,-0.0002322,0.0000004,0.0000121,-0.0000025,0.0000052,0.0000006,0.0000029,-0.0000044,-0.0000008,0.0000138,0.0000047,-0.0000005,-0.0000026,-0.0000100,-0.0000239,0.0002154,0.0002163,0.0002194,0.0002909,0.0000006,-0.0000007,-0.0000004,0.0000007,-0.0003095,0.0000009,0.0000174,0.0000013,0.0000007,0.0000000,0.0000019,-0.0000090,-0.0000030,0.0000035,0.0000016,-0.0000046,-0.0000020,-0.0000122,-0.0000273,0.0002540,0.0002568,0.0002581,0.0003590,0.0000030,0.0000027,-0.0000019,0.0000019
-0.0000182,0.0000001,-0.0000028,0.0000186,0.0000245,0.0000203,0.0000222,-0.0000043,-0.0000295,0.0000133,-0.0000256,-0.0000018,0.0000107,-0.0000200,-0.0000440,0.0000026,-0.0000123,0.0000019,0.0000082,0.0001440,-0.0001156,-0.0000075,0.0000124,0.0000023,0.0000000,-0.0000002,0.0000000,0.0000013,0.0000020,0.0000018,0.0000004,-0.0000027,0.0000024,-0.0000005,0.0000003,0.0000007,-0.0000022,-0.0000038,0.0000008,0.0000005,-0.0000001,0.0000004,0.0000130,-0.0000118,-0.0000005,0.0000009,0.0000105,-0.0000001,-0.0000034,-0.0000026,-0.0000016,0.0000042,0.0000021,0.0000003,-0.0000121,0.0000004,0.0000137,-0.0000027,0.0000017,-0.0000052,-0.0000146,0.0000041,-0.0000020,0.0000017,0.0000042,0.0000290,-0.0000144,-0.0000029,0.0000036
0.0001586,-0.0000017,0.0000090,-0.0000633,-0.0000708,-0.0000305,-0.0000157,0.0000028,0.0000074,-0.0000544,0.0000345,0.0000085,0.0000104,0.0000304,0.0000537,-0.0000356,0.0000008,-0.0000312,-0.0000167,-0.0001156,0.0002223,-0.0000088,-0.0000089,0.0000139,-0.0000002,0.0000013,-0.0000046,-0.0000077,-0.0000050,-0.0000017,-0.0000020,-0.0000019,-0.0000041,0.0000034,0.0000006,0.0000007,0.0000017,0.0000025,-0.0000018,-0.0000009,-0.0000013,-0.0000006,-0.0000088,0.0000303,-0.0000002,-0.0000012,0.0000271,-0.0000003,0.0000013,-0.0000070,-0.0000084,-0.0000095,-0.0000050,-0.0000039,0.0000027,-0.0000001,-0.0000089,0.0000038,-0.0000016,0.0000046,0.0000117,-0.0000074,-0.0000031,-0.0000026,-0.0000010,-0.0000207,0.0000550,-0.0000008,-0.0000032
-0.0000376,0.0000000,0.0000032,0.0000008,0.0000036,-0.0000001,0.0000007,-0.0000010,-0.0000082,0.0000084,-0.0000102,-0.0000120,0.0000040,-0.0000033,-0.0000258,0.0000013,-0.0000003,-0.0000029,-0.0000050,-0.0000075,-0.0000088,0.0000142,-0.0000241,-0.0000005,0.0000000,-0.0000002,-0.0000003,-0.0000001,-0.0000001,0.0000002,-0.0000003,-0.0000005,-0.0000002,-0.0000005,-0.0000007,0.0000000,0.0000000,-0.0000012,-0.0000002,-0.0000003,-0.0000003,-0.0000005,-0.0000007,-0.0000002,0.0000004,-0.0000010,-0.0000013,0.0000000,0.0000005,-0.0000005,0.0000005,0.0000003,0.0000004,0.0000000,-0.0000002,0.0000002,0.0000002,-0.0000005,0.0000003,-0.0000004,-0.0000015,0.0000004,0.0000003,-0.0000008,-0.0000017,-0.0000019,-0.0000026,0.0000014,-0.0000021
0.0000397,-0.0000005,-0.0000099,0.0000075,-0.0000166,-0.0000229,-0.0000202,-0.0000230,0.0000173,0.0000084,-0.0000138,0.0000117,-0.0000192,0.0000078,0.0000433,0.0000041,0.0000045,0.0000168,0.0000035,0.0000124,-0.0000089,-0.0000241,0.0001221,-0.0000022,0.0000000,0.0000002,0.0000006,-0.0000003,-0.0000001,-0.0000011,-0.0000005,0.0000012,-0.0000046,-0.0000026,-0.0000001,-0.0000007,0.0000000,0.0000025,0.0000013,0.0000003,0.0000018,0.0000011,0.0000013,0.0000008,-0.0000012,0.0000063,-0.0000018,0.0000000,-0.0000003,0.0000011,-0.0000016,-0.0000016,-0.0000007,-0.0000015,0.0000006,-0.0000028,-0.0000003,0.0000005,-0.0000003,0.0000009,0.0000014,0.0000026,0.0000006,0.0000031,0.0000023,0.0000028,-0.0000006,-0.0000023,0.0000110
0.0011626,-0.0000108,-0.0000450,-0.0001918,0.0000204,0.0000183,0.0000167,-0.0000191,-0.0000875,0.0000127,-0.0000691,-0.0000722,0.0000329,-0.0000448,-0.0000213,-0.0002097,-0.0002113,-0.0002153,-0.0002322,0.0000023,0.0000139,-0.0000005,-0.0000022,0.0060269,-0.0000574,-0.0002189,-0.0008577,0.0001292,0.0000840,0.0000856,-0.0001003,-0.0004178,0.0001108,-0.0003812,-0.0003330,0.0001086,-0.0002255,-0.0001483,-0.0008813,-0.0009182,-0.0009260,-0.0010123,0.0000162,0.0000600,-0.0000068,-0.0000021,0.0011568,-0.0000107,-0.0000444,-0.0001890,0.0000243,0.0000204,0.0000133,-0.0000174,-0.0000887,0.0000119,-0.0000689,-0.0000738,0.0000366,-0.0000466,-0.0000268,-0.0002174,-0.0002167,-0.0002226,-0.0002376,0.0000011,0.0000152,-0.0000009,0.0000012
-0.0000107,0.0000002,0.0000002,0.0000010,-0.0000006,-0.0000004,-0.0000005,0.0000002,0.0000006,-0.0000003,0.0000010,0.0000006,-0.0000012,0.0000000,-0.0000001,0.0000000,0.0000001,0.0000001,0.0000004,0.0000000,-0.0000002,0.0000000,0.0000000,-0.0000574,0.0000008,0.0000010,0.0000046,-0.0000029,-0.0000016,-0.0000024,0.0000012,0.0000030,-0.0000023,0.0000051,0.0000028,-0.0000057,0.0000005,0.0000005,0.0000001,0.0000009,0.0000009,0.0000020,-0.0000002,-0.0000008,0.0000000,0.0000000,-0.0000106,0.0000002,0.0000002,0.0000009,-0.0000006,-0.0000004,-0.0000005,0.0000002,0.0000006,-0.0000003,0.0000010,0.0000006,-0.0000013,0.0000000,0.0000000,0.0000001,0.0000002,0.0000002,0.0000004,0.0000000,-0.0000002,0.0000000,0.0000000
-0.0000440,0.0000002,0.0000957,-0.0000195,-0.0000049,-0.0000098,-0.0000058,-0.0000059,0.0000155,-0.0000018,0.0000049,0.0000124,0.0000022,-0.0000020,-0.0000041,0.0000034,0.0000071,0.0000098,0.0000121,-0.0000002,0.0000013,-0.0000002,0.0000002,-0.0002189,0.0000010,0.0004426,-0.0001032,-0.0000202,-0.0000474,-0.0000370,-0.0000221,0.0000691,-0.0000148,0.0000222,0.0000499,0.0000156,-0.0000074,-0.0000227,0.0000134,0.0000347,0.0000455,0.0000587,-0.0000033,0.0000049,0.0000002,-0.0000007,-0.0000574,0.0000003,0.0000942,-0.0000188,-0.0000026,-0.0000094,-0.0000049,-0.0000036,0.0000147,-0.0000008,0.0000035,0.0000117,0.0000030,-0.0000034,-0.0000074,0.0000028,0.0000061,0.0000091,0.0000112,-0.0000004,0.0000019,-0.0000004,0.0000016
-0.0002007,0.0000011,-0.0000201,0.0001634,0.0000130,-0.0000022,-0.0000018,-0.0000010,0.0000122,0.0000058,-0.0000093,0.0000020,0.0000043,-0.0000021,-0.0000036,0.0000039,-0.0000021,-0.0000012,-0.0000025,0.0000000,-0.0000046,-0.0000003,0.0000006,-0.0008577,0.0000046,-0.0001032,0.0006971,0.0000467,-0.0000083,-0.0000020,-0.0000080,0.0000497,0.0000221,-0.0000330,0.0000077,0.0000125,0.0000009,-0.0000048,0.0000267,0.0000006,0.0000023,0.0000008,-0.0000012,-0.0000206,0.0000000,-0.0000001,-0.0001882,0.0000009,-0.0000196,0.0001605,0.0000113,-0.0000028,-0.0000017,-0.0000031,0.0000139,0.0000055,-0.0000102,0.0000026,0.0000040,-0.0000020,-0.0000016,0.0000036,-0.0000026,-0.0000008,-0.0000025,0.0000001,-0.0000048,-0.0000002,0.0000001
0.0000183,-0.0000005,-0.0000053,0.0000104,0.0001976,-0.0000348,0.0000009,-0.0000175,0.0000043,-0.0000170,-0.0000004,-0.0000037,-0.0000093,-0.0000017,-0.0000007,0.0000090,0.0000050,0.0000061,0.0000052,0.0000013,-0.0000077,-0.0000001,-0.0000003,0.0001292,-0.0000029,-0.0000202,0.0000467,0.0007406,-0.0001507,0.0000038,-0.0000824,0.0000221,-0.0000680,-0.0000128,-0.0000083,-0.0000463,0.0000026,0.0000129,0.0000247,0.0000034,0.0000214,0.0000136,0.0000022,-0.0000268,0.0000004,-0.0000058,0.0000215,-0.0000006,-0.0000052,0.0000108,0.0001994,-0.0000346,0.0000006,-0.0000178,0.0000042,-0.0000178,0.0000005,-0.0000039,-0.0000096,-0.0000005,0.0000006,0.0000088,0.0000048,0.0000058,0.0000055,0.0000015,-0.0000077,-0.0000002,-0.0000003
0.0000197,-0.0000004,-0.0000098,-0.0000030,-0.0000354,0.0001350,0.0000020,-0.0000074,-0.0000003,0.0000036,-0.0000049,-0.0000034,-0.0000172,-0.0000021,0.0000010,0.0000025,-0.0000006,0.0000017,0.0000006,0.0000020,-0.0000050,-0.0000001,-0.0000001,0.0000840,-0.0000016,-0.0000474,-0.0000083,-0.0001507,0.0005636,0.0000097,-0.0000340,-0.0000043,0.0000204,-0.0000246,-0.0000134,-0.0000680,-0.0000072,0.0000073,0.0000007,-0.0000086,0.0000012,-0.0000084,0.0000069,-0.0000191,0.0000004,-0.0000036,0.0000206,-0.0000004,-0.0000102,-0.0000030,-0.0000349,0.0001345,0.0000028,-0.0000076,-0.0000005,0.0000026,-0.0000047,-0.0000037,-0.0000172,-0.0000019,0.0000007,0.0000020,-0.0000013,0.0000010,-0.0000006,0.0000019,-0.0000050,0.0000000,-0.0000002
0.0000171,-0.0000005,-0.0000059,-0.0000026,0.0000006,0.0000021,0.0001768,-0.0000052,0.0000008,-0.0000044,-0.0000039,-0.0000055,-0.0000023,0.0000018,0.0000007,0.0000007,-0.0000006,0.0000016,0.0000029,0.0000018,-0.0000017,0.0000002,-0.0000011,0.0000856,-0.0000024,-0.0000370,-0.0000020,0.0000038,0.0000097,0.0007218,-0.0000189,0.0000014,-0.0000137,-0.0000206,-0.0000201,-0.0000152,0.0000058,0.0000098,-0.0000022,-0.0000002,0.0000063,0.0000093,0.0000108,-0.0000100,0.0000001,-0.0000052,0.0000158,-0.0000005,-0.0000058,-0.0000018,-0.0000001,0.0000026,0.0001789,-0.0000047,0.0000015,-0.0000045,-0.0000042,-0.0000041,-0.0000026,0.0000026,0.0000015,0.0000008,0.0000011,0.0000026,0.0000037,0.0000020,-0.0000022,0.0000003,-0.0000021
-0.0000151,0.0000002,-0.0000057,-0.0000026,-0.0000190,-0.0000075,-0.0000055,0.0001302,-0.0000033,-0.0000023,-0.0000037,0.0000033,-0.0000212,0.0000003,-0.0000011,-0.0000019,-0.0000003,-0.0000038,-0.0000044,0.0000004,-0.0000020,-0.0000003,-0.0000005,-0.0001003,0.0000012,-0.0000221,-0.0000080,-0.0000824,-0.0000340,-0.0000189,0.0005356,-0.0000136,-0.0000131,-0.0000022,0.0000180,-0.0000935,0.0000042,-0.0000042,-0.0000121,-0.0000144,-0.0000268,-0.0000287,-0.0000018,-0.0000046,-0.0000005,-0.0000039,-0.0000112,0.0000001,-0.0000054,-0.0000034,-0.0000195,-0.0000078,-0.0000048,0.0001314,-0.0000028,-0.0000022,-0.0000043,0.0000036,-0.0000208,0.0000013,0.0000004,-0.0000013,0.0000001,-0.0000038,-0.0000042,0.0000007,-0.0000024,-0.0000002,-0.0000009
-0.0000945,0.0000007,0.0000155,0.0000140,0.0000059,-0.0000003,0.0000007,-0.0000035,0.0001295,0.0000038,-0.0000022,-0.0000014,-0.0000012,0.0000044,0.0000096,-0.0000020,0.0000025,-0.0000013,-0.0000008,-0.0000027,-0.0000019,-0.0000005,0.0000012,-0.0004178,0.0000030,0.0000691,0.0000497,0.0000221,-0.0000043,0.0000014,-0.0000136,0.0006664,0.0000205,-0.0000001,-0.0000162,-0.0000054,0.0000206,0.0000411,-0.0000089,0.0000181,0.0000067,0.0000063,-0.0000213,0.0000010,-0.0000014,0.0000050,-0.0000897,0.0000006,0.0000152,0.0000146,0.0000053,-0.0000006,0.0000014,-0.0000037,0.0001284,0.0000056,-0.0000032,-0.0000016,-0.0000016,0.0000048,0.0000102,-0.0000027,0.0000022,-0.0000018,-0.0000011,-0.0000018,-0.0000026,-0.0000004,0.0000011
0.0000025,-0.0000002,-0.0000001,0.0000045,-0.0000161,0.0000037,-0.0000045,-0.0000011,0.0000013,0.0006336,-0.0002322,-0.0000326,-0.0000035,0.0000004,-0.0000063,0.0000116,0.0000106,0.0000168,0.0000138,0.0000024,-0.0000041,-0.0000002,-0.0000046,0.0001108,-0.0000023,-0.0000148,0.0000221,-0.0000680,0.0000204,-0.0000137,-0.0000131,0.0000205,0.0024670,-0.0009575,-0.0001341,-0.0000270,0.0000165,0.0000000,0.0000388,0.0000166,0.0000656,0.0000585,0.0000101,-0.0000053,-0.0000010,-0.0000097,-0.0000025,-0.0000002,0.0000010,0.0000038,-0.0000140,0.0000034,-0.0000034,0.0000009,0.0000012,0.0006579,-0.0002527,-0.0000334,-0.0000028,-0.0000003,-0.0000076,0.0000111,0.0000100,0.0000157,0.0000134,0.0000022,-0.0000038,-0.0000001,-0.0000045
-0.0000684,0.0000010,0.0000041,-0.0000107,-0.0000012,-0.0000045,-0.0000046,-0.0000029,-0.0000015,-0.0002359,0.0004481,-0.0000344,-0.0000002,-0.0000023,0.0000010,0.0000032,-0.0000021,0.0000064,0.0000047,-0.0000005,0.0000034,-0.0000005,-0.0000026,-0.0003812,0.0000051,0.0000222,-0.0000330,-0.0000128,-0.0000246,-0.0000206,-0.0000022,-0.0000001,-0.0009575,0.0021753,-0.0001679,0.0000022,-0.0000074,0.0000037,0.0000355,0.0000059,0.0000413,0.0000301,-0.0000017,0.0000106,-0.0000029,-0.0000080,-0.0000574,0.0000009,0.0000030,-0.0000097,-0.0000039,-0.0000052,-0.0000054,-0.0000046,-0.0000001,-0.0002495,0.0004666,-0.0000324,-0.0000017,-0.0000003,0.0000036,0.0000064,0.0000000,0.0000093,0.0000072,-0.0000006,0.0000031,-0.0000001,-0.0000045
-0.0000722,0.0000006,0.0000123,0.0000026,-0.0000031,-0.0000035,-0.0000054,0.0000033,-0.0000014,-0.0000317,-0.0000350,0.0001325,-0.0000016,0.0000052,0.0000078,0.0000007,0.0000021,-0.0000015,-0.0000005,0.0000003,0.0000006,-0.0000007,-0.0000001,-0.0003330,0.0000028,0.0000499,0.0000077,-0.0000083,-0.0000134,-0.0000201,0.0000180,-0.0000162,-0.0001341,-0.0001679,0.0006573,-0.0000057,0.0000206,0.0000337,0.0000027,0.0000162,-0.0000011,-0.0000067,-0.0000017,0.0000054,-0.0000036,0.0000029,-0.0000665,0.0000005,0.0000117,0.0000025,-0.0000045,-0.0000038,-0.0000046,0.0000031,-0.0000013,-0.0000324,-0.0000343,0.0001319,-0.0000018,0.0000054,0.0000090,0.0000008,0.0000022,-0.0000010,-0.0000004,0.0000004,0.0000005,-0.0000006,-0.0000006
0.0000345,-0.0000012,0.0000022,0.0000045,-0.0000095,-0.0000171,-0.0000025,-0.0000213,-0.0000013,-0.0000043,0.0000000,-0.0000016,0.0001040,0.0000009,-0.0000028,-0.0000027,-0.0000003,-0.0000032,-0.0000026,0.0000007,0.0000007,0.0000000,-0.0000007,0.0001086,-0.0000057,0.0000156,0.0000125,-0.0000463,-0.0000680,-0.0000152,-0.0000935,-0.0000054,-0.0000270,0.0000022,-0.0000057,0.0005351,0.0000066,-0.0000108,-0.0000084,-0.0000002,-0.0000122,-0.0000067,0.0000041,0.0000021,-0.0000001,-0.0000029,0.0000285,-0.0000012,0.0000027,0.0000046,-0.0000089,-0.0000167,-0.0000025,-0.0000200,-0.0000018,-0.0000043,-0.0000008,-0.0000017,0.0001020,-0.0000003,-0.0000050,-0.0000028,-0.0000005,-0.0000033,-0.0000021,0.0000006,0.0000013,-0.0000001,0.0000000
-0.0000472,0.0000000,-0.0000022,-0.0000008,-0.0000003,-0.0000019,0.0000020,0.0000002,0.0000048,0.0000019,-0.0000025,0.0000051,0.0000007,0.0001123,0.0000598,-0.0000179,-0.0000190,-0.0000156,-0.0000100,-0.0000022,0.0000017,0.0000000,0.0000000,-0.0002255,0.0000005,-0.0000074,0.0000009,0.0000026,-0.0000072,0.0000058,0.0000042,0.0000206,0.0000165,-0.0000074,0.0000206,0.0000066,0.0004978,0.0002425,-0.0000664,-0.0000776,-0.0000638,-0.0000353,-0.0000136,0.0000091,0.0000000,0.0000012,-0.0000514,0.0000001,-0.0000019,-0.0000017,0.0000011,-0.0000014,0.0000025,0.0000011,0.0000043,0.0000031,-0.0000028,0.0000044,0.0000004,0.0001153,0.0000619,-0.0000182,-0.0000193,-0.0000166,-0.0000103,-0.0000019,0.0000017,-0.0000001,0.0000004
-0.0000234,0.0000000,-0.0000041,-0.0000013,0.0000015,0.0000006,0.0000011,-0.0000016,0.0000101,-0.0000022,0.0000007,0.0000077,-0.0000030,0.0000597,0.0001502,-0.0000219,-0.0000238,-0.0000341,-0.0000239,-0.0000038,0.0000025,-0.0000012,0.0000025,-0.0001483,0.0000005,-0.0000227,-0.0000048,0.0000129,0.0000073,0.0000098,-0.0000042,0.0000411,0.0000000,0.0000037,0.0000337,-0.0000108,0.0002425,0.0008141,-0.0000933,-0.0000988,-0.0001447,-0.0001046,-0.0000221,0.0000160,-0.0000059,0.0000121,-0.0000391,0.0000001,-0.0000039,-0.0000006,0.0000041,0.0000010,0.0000014,0.0000009,0.0000096,-0.0000017,0.0000006,0.0000074,-0.0000032,0.0000616,0.0001563,-0.0000209,-0.0000249,-0.0000357,-0.0000242,-0.0000040,0.0000031,-0.0000016,0.0000044
-0.0002148,0.0000001,0.0000034,0.0000039,0.0000094,0.0000027,0.0000009,-0.0000013,-0.0000018,0.0000109,0.0000023,-0.0000001,-0.0000026,-0.0000182,-0.0000210,0.0003614,0.0002156,0.0002176,0.0002154,0.0000008,-0.0000018,-0.0000002,0.0000013,-0.0008813,0.0000001,0.0000134,0.0000267,0.0000247,0.0000007,-0.0000022,-0.0000121,-0.0000089,0.0000388,0.0000355,0.0000027,-0.0000084,-0.0000664,-0.0000933,0.0015215,0.0008846,0.0008943,0.0008851,0.0000016,-0.0000099,-0.0000003,0.0000047,-0.0002127,0.0000000,0.0000027,0.0000035,0.0000081,0.0000018,0.0000006,-0.0000016,-0.0000023,0.0000108,0.0000031,0.0000002,-0.0000028,-0.0000175,-0.0000200,0.0003647,0.0002181,0.0002200,0.0002178,0.0000008,-0.0000019,0.0000000,0.0000002
-0.0002150,0.0000002,0.0000073,-0.0000019,0.0000047,-0.0000005,-0.0000005,-0.0000002,0.0000028,0.0000089,-0.0000019,0.0000019,-0.0000001,-0.0000192,-0.0000237,0.0002153,0.0003193,0.0002175,0.0002163,0.0000005,-0.0000009,-0.0000003,0.0000003,-0.0009182,0.0000009,0.0000347,0.0000006,0.0000034,-0.0000086,-0.0000002,-0.0000144,0.0000181,0.0000166,0.0000059,0.0000162,-0.0000002,-0.0000776,-0.0000988,0.0008846,0.0013729,0.0008949,0.0008902,0.0000003,0.0000001,-0.0000016,0.0000031,-0.0002198,0.0000002,0.0000066,-0.0000027,0.0000051,-0.0000010,0.0000013,0.0000008,0.0000023,0.0000090,-0.0000016,0.0000014,0.0000002,-0.0000196,-0.0000253,0.0002184,0.0003230,0.0002211,0.0002197,0.0000000,-0.0000004,-0.0000003,-0.0000001
-0.0002218,0.0000002,0.0000099,-0.0000008,0.0000069,0.0000015,0.0000017,-0.0000037,-0.0000013,0.0000169,0.0000057,-0.0000021,-0.0000029,-0.0000160,-0.0000346,0.0002175,0.0002177,0.0003080,0.0002194,-0.0000001,-0.0000013,-0.0000003,0.0000018,-0.0009260,0.0000009,0.0000455,0.0000023,0.0000214,0.0000012,0.0000063,-0.0000268,0.0000067,0.0000656,0.0000413,-0.0000011,-0.0000122,-0.0000638,-0.0001447,0.0008943,0.0008949,0.0013277,0.0009019,-0.0000037,-0.0000030,-0.0000013,0.0000067,-0.0002241,0.0000002,0.0000093,-0.0000006,0.0000064,0.0000009,0.0000027,-0.0000039,-0.0000018,0.0000166,0.0000070,-0.0000018,-0.0000030,-0.0000166,-0.0000353,0.0002205,0.0002209,0.0003107,0.0002224,0.0000002,-0.0000015,-0.0000002,0.0000010
-0.0002391,0.0000004,0.0000122,-0.0000023,0.0000060,0.0000008,0.0000032,-0.0000041,-0.0000006,0.0000142,0.0000035,-0.0000010,-0.0000024,-0.0000104,-0.0000242,0.0002150,0.0002162,0.0002191,0.0002909,0.0000004,-0.0000006,-0.0000005,0.0000011,-0.0010123,0.0000020,0.0000587,0.0000008,0.0000136,-0.0000084,0.0000093,-0.0000287,0.0000063,0.0000585,0.0000301,-0.0000067,-0.0000067,-0.0000353,-0.0001046,0.0008851,0.0008902,0.0009019,0.0012448,-0.0000004,-0.0000031,-0.0000018,0.0000035,-0.0002407,0.0000004,0.0000116,-0.0000023,0.0000060,-0.0000004,0.0000038,-0.0000041,-0.0000011,0.0000145,0.0000043,-0.0000007,-0.0000017,-0.0000102,-0.0000248,0.0002180,0.0002192,0.0002220,0.0002936,0.0000004,-0.0000006,-0.0000004,0.0000000
0.0000031,-0.0000001,0.0000001,-0.0000004,0.0000006,0.0000016,0.0000019,0.0000005,-0.0000032,0.0000027,0.0000004,0.0000006,0.0000007,-0.0000027,-0.0000050,0.0000014,0.0000007,0.0000003,0.0000006,0.0000130,-0.0000088,-0.0000007,0.0000013,0.0000162,-0.0000002,-0.0000033,-0.0000012,0.0000022,0.0000069,0.0000108,-0.0000018,-0.0000213,0.0000101,-0.0000017,-0.0000017,0.0000041,-0.0000136,-0.0000221,0.0000016,0.0000003,-0.0000037,-0.0000004,0.0000772,-0.0000469,-0.0000027,0.0000042,0.0000010,0.0000000,0.0000004,-0.0000011,0.0000006,0.0000011,0.0000023,0.0000007,-0.0000024,0.0000016,0.0000017,0.0000008,0.0000013,-0.0000027,-0.0000054,0.0000013,0.0000006,0.0000012,0.0000012,0.0000103,-0.0000066,-0.0000007,0.0000014
0.0000073,-0.0000001,0.0000018,-0.0000047,-0.0000066,-0.0000049,-0.0000010,-0.0000011,-0.0000031,-0.0000063,0.0000027,-0.0000006,0.0000017,0.0000014,0.0000006,-0.0000016,-0.0000019,-0.0000023,-0.0000007,-0.0000118,0.0000303,-0.0000002,0.0000008,0.0000600,-0.0000008,0.0000049,-0.0000206,-0.0000268,-0.0000191,-0.0000100,-0.0000046,0.0000010,-0.0000053,0.0000106,0.0000054,0.0000021,0.0000091,0.0000160,-0.0000099,0.0000001,-0.0000030,-0.0000031,-0.0000469,0.0001144,-0.0000008,-0.0000038,0.0000083,-0.0000001,0.0000019,-0.0000045,-0.0000061,-0.0000046,-0.0000019,-0.0000014,-0.0000028,-0.0000050,0.0000015,-0.0000005,0.0000015,0.0000018,0.0000019,-0.0000012,-0.0000014,-0.0000022,-0.0000012,-0.0000106,0.0000296,-0.0000001,0.0000004
-0.0000006,0.0000000,-0.0000001,-0.0000001,-0.0000001,0.0000000,0.0000001,-0.0000003,-0.0000003,-0.0000003,-0.0000005,-0.0000007,0.0000000,0.0000000,-0.0000009,-0.0000001,-0.0000003,-0.0000003,-0.0000004,-0.0000005,-0.0000002,0.0000004,-0.0000012,-0.0000068,0.0000000,0.0000002,0.0000000,0.0000004,0.0000004,0.0000001,-0.0000005,-0.0000014,-0.0000010,-0.0000029,-0.0000036,-0.0000001,0.0000000,-0.0000059,-0.0000003,-0.0000016,-0.0000013,-0.0000018,-0.0000027,-0.0000008,0.0000022,-0.0000046,-0.0000003,0.0000000,-0.0000001,-0.0000001,-0.0000002,0.0000001,0.0000001,-0.0000004,-0.0000003,-0.0000002,-0.0000004,-0.0000006,-0.0000001,0.0000001,-0.0000009,-0.0000001,-0.0000002,-0.0000003,-0.0000003,-0.0000003,-0.0000003,0.0000005,-0.0000015
0.0000013,0.0000000,0.0000000,0.0000001,-0.0000016,-0.0000008,-0.0000015,-0.0000010,0.0000011,-0.0000027,-0.0000018,0.0000005,-0.0000008,0.0000004,0.0000027,0.0000010,0.0000006,0.0000015,0.0000007,0.0000009,-0.0000012,-0.0000010,0.0000063,-0.0000021,0.0000000,-0.0000007,-0.0000001,-0.0000058,-0.0000036,-0.0000052,-0.0000039,0.0000050,-0.0000097,-0.0000080,0.0000029,-0.0000029,0.0000012,0.0000121,0.0000047,0.0000031,0.0000067,0.0000035,0.0000042,-0.0000038,-0.0000046,0.0000207,0.0000007,0.0000000,-0.0000002,0.0000002,-0.0000010,-0.0000009,-0.0000015,-0.0000008,0.0000010,-0.0000031,-0.0000020,0.0000003,-0.0000008,0.0000001,0.0000023,0.0000006,0.0000001,0.0000012,0.0000001,0.0000007,-0.0000010,-0.0000011,0.0000072
0.0016099,-0.0000152,-0.0000955,-0.0002461,0.0000243,0.0000101,0.0000293,0.0000007,-0.0001074,0.0000532,-0.0000707,-0.0000634,0.0000230,-0.0000689,-0.0000801,-0.0002489,-0.0002671,-0.0002606,-0.0003095,0.0000105,0.0000271,-0.0000013,-0.0000018,0.0011568,-0.0000106,-0.0000574,-0.0001882,0.0000215,0.0000206,0.0000158,-0.0000112,-0.0000897,-0.0000025,-0.0000574,-0.0000665,0.0000285,-0.0000514,-0.0000391,-0.0002127,-0.0002198,-0.0002241,-0.0002407,0.0000010,0.0000083,-0.0000003,0.0000007,0.3685361,-0.0034663,-0.0137196,-0.0502184,0.0069011,0.0035498,0.0058511,-0.0066867,-0.0220890,0.0102077,-0.0254362,-0.0184767,0.0025604,-0.0135584,-0.0114942,-0.0488896,-0.0512932,-0.0517664,-0.0552556,-0.0002077,0.0027197,-0.0007549,0.0004076
-0.0000154,0.0000002,0.0000006,0.0000014,-0.0000007,-0.0000003,-0.0000008,0.0000001,0.0000007,-0.0000012,0.0000011,0.0000004,-0.0000014,0.0000001,0.0000005,0.0000000,0.0000004,0.0000003,0.0000009,-0.0000001,-0.0000003,0.0000000,0.0000000,-0.0000107,0.0000002,0.0000003,0.0000009,-0.0000006,-0.0000004,-0.0000005,0.0000001,0.0000006,-0.0000002,0.0000009,0.0000005,-0.0000012,0.0000001,0.0000001,0.0000000,0.0000002,0.0000002,0.0000004,0.0000000,-0.0000001,0.0000000,0.0000000,-0.0034663,0.0000468,0.0000499,0.0002348,-0.0001567,-0.0000731,-0.0001508,0.0000869,0.0001525,-0.0002277,0.0003363,0.0001554,-0.0003247,0.0000264,0.0000643,0.0000224,0.0000562,0.0000621,0.0001111,-0.0000017,-0.0000267,-0.0000006,-0.0000031
-0.0000684,0.0000003,0.0001210,-0.0000242,-0.0000059,-0.0000105,-0.0000093,-0.0000071,0.0000184,-0.0000070,0.0000105,0.0000131,0.0000034,-0.0000020,-0.0000059,0.0000042,0.0000089,0.0000124,0.0000174,-0.0000034,0.0000013,0.0000005,-0.0000003,-0.0000444,0.0000002,0.0000942,-0.0000196,-0.0000052,-0.0000102,-0.0000058,-0.0000054,0.0000152,0.0000010,0.0000030,0.0000117,0.0000027,-0.0000019,-0.0000039,0.0000027,0.0000066,0.0000093,0.0000116,0.0000004,0.0000019,-0.0000001,-0.0000002,-0.0137196,0.0000499,0.0250260,-0.0067985,-0.0010500,-0.0026999,-0.0026912,-0.0009619,0.0034603,-0.0000743,0.0022691,0.0031425,0.0009692,-0.0000003,-0.0013512,0.0002768,0.0014731,0.0016897,0.0022851,0.0000695,0.0001715,0.0000605,-0.0002077
-0.0002595,0.0000015,-0.0000204,0.0001975,0.0000185,-0.0000027,-0.0000014,-0.0000062,0.0000180,0.0000110,-0.0000228,-0.0000026,0.0000054,-0.0000015,0.0000034,0.0000015,0.0000001,0.0000009,0.0000013,-0.0000026,-0.0000070,-0.0000005,0.0000011,-0.0001890,0.0000009,-0.0000188,0.0001605,0.0000108,-0.0000030,-0.0000018,-0.0000034,0.0000146,0.0000038,-0.0000097,0.0000025,0.0000046,-0.0000017,-0.0000006,0.0000035,-0.0000027,-0.0000006,-0.0000023,-0.0000011,-0.0000045,-0.0000001,0.0000002,-0.0502184,0.0002348,-0.0067985,0.0423877,0.0026406,-0.0000399,0.0005539,-0.0000252,0.0022641,0.0011314,0.0004192,0.0002833,0.0003599,0.0001536,-0.0003729,0.0024953,0.0007692,0.0010191,0.0004478,0.0002346,-0.0012048,0.0000497,0.0000273
0.0000243,-0.0000007,-0.0000007,0.0000163,0.0002381,-0.0000412,0.0000004,-0.0000263,0.0000068,0.0000067,-0.0000100,-0.0000053,-0.0000092,-0.0000014,0.0000104,0.0000063,0.0000019,0.0000044,0.0000007,-0.0000016,-0.0000084,0.0000005,-0.0000016,0.0000243,-0.0000006,-0.0000026,0.0000113,0.0001994,-0.0000349,-0.0000001,-0.0000195,0.0000053,-0.0000140,-0.0000039,-0.0000045,-0.0000089,0.0000011,0.0000041,0.0000081,0.0000051,0.0000064,0.0000060,0.0000006,-0.0000061,-0.0000002,-0.0000010,0.0069011,-0.0001567,-0.0010500,0.0026406,0.0342210,-0.0075460,0.0008571,-0.0048050,0.0007214,-0.0034430,-0.0001189,-0.0000340,-0.0022060,-0.0002357,0.0000229,0.0008044,0.0000629,0.0006630,0.0006019,0.0004537,-0.0012651,0.0000589,-0.0003023
0.0000122,-0.0000003,-0.0000096,-0.0000038,-0.0000415,0.0001659,0.0000026,-0.0000095,0.0000001,0.0000012,0.0000015,-0.0000048,-0.0000194,-0.0000051,-0.0000027,0.0000051,-0.0000026,0.0000014,0.0000000,0.0000042,-0.0000095,0.0000003,-0.0000016,0.0000204,-0.0000004,-0.0000094,-0.0000028,-0.0000346,0.0001345,0.0000026,-0.0000078,-0.0000006,0.0000034,-0.0000052,-0.0000038,-0.0000167,-0.0000014,0.0000010,0.0000018,-0.0000010,0.0000009,-0.0000004,0.0000011,-0.0000046,0.0000001,-0.0000009,0.0035498,-0.0000731,-0.0026999,-0.0000399,-0.0075460,0.0287068,0.0001848,-0.0016463,0.0001650,0.0020291,-0.0023853,-0.0003870,-0.0033918,-0.0003610,0.0006929,-0.0007420,-0.0011057,-0.0002173,-0.0009365,0.0003891,-0.0005774,0.0000009,-0.0004045
0.0000239,-0.0000007,-0.0000079,-0.0000018,0.0000014,0.0000029,0.0002152,-0.0000039,0.0000017,-0.0000026,-0.0000038,-0.0000076,-0.0000038,0.0000028,-0.0000015,0.0000024,0.0000014,0.0000020,0.0000019,0.0000021,-0.0000050,0.0000004,-0.0000007,0.0000133,-0.0000005,-0.0000049,-0.0000017,0.0000006,0.0000028,0.0001789,-0.0000048,0.0000014,-0.0000034,-0.0000054,-0.0000046,-0.0000025,0.0000025,0.0000014,0.0000006,0.0000013,0.0000027,0.0000038,0.0000023,-0.0000019,0.0000001,-0.0000015,0.0058511,-0.0001508,-0.0026912,0.0005539,0.0008571,0.0001848,0.0402724,-0.0012001,-0.0000534,-0.0001042,-0.0004606,-0.0011996,-0.0005821,0.0001281,0.0004490,-0.0001061,-0.0000889,0.0003560,0.0007406,0.0003058,-0.0002032,0.0000320,-0.0003347
